309042
300105
300408
300558
301541
302187
303540
306060
306369
307564
308907
310504
304073
308206
300390
303303
306768
303620
304137
302164
300429
308786
300627
306844
300493
308494
300829
308991
303899
307512
307693
309569
309758
309843
310199
308581
303099
301194
301517
301558
302798
301614
306623
310179
307785
308269
310527
303169
304450
307039
300648
305984
303371
301105
306224
300232
308471
308806
307274
310204
301637
309663
301745
301636
301156
309156
305885
308540
304040
306694
301214
306489
306365
307373
306279
302171
301100
302297
306444
306450
308367
309853
307832
301543
309553
306091
309703
301108
307557
303344
305780
302923
